# lambda=3, n, a_n, b_n at 50 digits (mpmath ccm_proto.py build_ab)
0 0.040855198682716658866962016525192057993967970092316 0.0
1 0.04169817273369816922174896107257050399588420274449 0.04113320482935408156568436214592192754642607646535
2 0.044529765174597757601967690281275540262311080543885 0.084049825654443533499291065014702333686190430336304
3 0.050686053878670647398936158222939527826208581175347 0.13126799257598811545417556867287405121104313127281
4 0.066869791189334429856877736500723555720744932222661 0.18839323849514140042820252100790850902712730678215
5 2.2555878570606906189745010189114076480768907141192 0.1253579050710410397357557827272638223807611203126
6 0.16631247943612040207414222368104791442274218283418 0.35407118228242921278171280692700499049915075741344
7 1.535304896409860553990104245838825678703103526113 0.80745213051164313335477050531164769683528894148956
8 0.70835165341671347343683892146617771592418674160556 0.18535018718030982485534420972239827258239335000968
