# rows copied verbatim from JohnCremona/ecdata allcurves/allcurves.00000-09999 (sha256 259f3846329395b371e8079c77a6f1097adaebc98a054974573e241416efa968, fetched 2026-09-26)
# columns: conductor class number ainvs rank torsion
11 a 1 [0,-1,1,-10,-20] 0 5
14 a 1 [1,0,1,4,-6] 0 6
15 a 1 [1,1,1,-10,-10] 0 8
17 a 1 [1,-1,1,-1,-14] 0 4
19 a 1 [0,1,1,-9,-15] 0 3
20 a 1 [0,1,0,4,4] 0 6
21 a 1 [1,0,0,-4,-1] 0 8
24 a 1 [0,-1,0,-4,4] 0 8
26 a 1 [1,0,1,-5,-8] 0 3
27 a 1 [0,0,1,0,-7] 0 3
30 a 1 [1,0,1,1,2] 0 6
32 a 1 [0,0,0,4,0] 0 4
33 a 1 [1,1,0,-11,0] 0 4
34 a 1 [1,0,0,-3,1] 0 6
35 a 1 [0,1,1,9,1] 0 3
36 a 1 [0,0,0,0,1] 0 6
50 a 1 [1,0,1,-1,-2] 0 3
67 a 1 [0,1,1,-12,-21] 0 1
109 a 1 [1,-1,0,-8,-7] 0 1
