zeros: 3000  largest gamma = 3533.3282433958198
window G = 1009.5223552559485   truncation weight at gamma_max = 0.002187491118182885

 n   log n    F(u_n) numeric   prediction   depth ratio F/pred   Lambda(n)/sqrt(n)
 2  0.6931     -97.954        -98.133      0.9982          0.4901
 3  1.0986    -126.828       -127.023      0.9985          0.6343
 4  1.3863     -68.773        -68.942      0.9975          0.3466
 5  1.6094    -143.658       -143.861      0.9986          0.7198
 7  1.9459    -146.711       -146.915      0.9986          0.7355
 8  2.0794     -47.874        -48.031      0.9967          0.2451
 9  2.1972     -72.189        -72.359      0.9977          0.3662
11  2.3979    -143.863       -144.067      0.9986          0.7230
13  2.5649    -141.206       -141.410      0.9986          0.7114
16  2.7726     -32.875        -33.030      0.9953          0.1733
17  2.8332    -136.233       -136.436      0.9985          0.6872
19  2.9444    -133.680       -133.878      0.9985          0.6755
23  3.1355    -129.193       -129.392      0.9985          0.6538
25  3.2189     -62.268        -62.436      0.9973          0.3219
27  3.2958     -39.933        -40.085      0.9962          0.2114

max |F-prediction| away from prime dips: 0.18005538678320754    max |F| overall: 146.71072355343702
max |F-prediction| everywhere: 0.20468236409135443
