2 1 ('PD', 0.09671074210811717, 0) None
2 2 ('ZERO', -0.28050066939110396, 0) 2.359436199521098e-16
3 1 ('PD', 0.01469739387260148, 0) None
3 2 ('ZERO', -0.29920458304780295, 1) 6.754727538239615e-16
4 1 ('kernel', 0, 0) None
4 2 ('ZERO', -0.07359724867736886, 2) 1.8570692043449914e-16
5 1 ('kernel', 0, 0) None
5 2 ('PD', 0.13596715663450232, 0) None
5 3 ('ZERO', -0.03594306615262399, 1) 2.304773360473277e-16
6 1 ('kernel', 0, 0) None
6 2 ('kernel', 0, 0) None
6 3 ('ZERO', -0.012607708148732813, 3) 2.720988212002542e-16
7 1 ('kernel', 0, 0) None
7 2 ('kernel', 0, 0) None
7 3 ('PD', 0.14285714285705195, 1) None
7 4 ('ZERO', -0.024999424135671355, 2) 3.110868536647119e-16
8 1 ('kernel', 0, 0) None
8 2 ('kernel', 0, 0) None
8 3 ('kernel', 0, 0) None
8 4 ('ZERO', -3.4953449188770275e-05, 10) 7.408560847749101e-16
9 1 ('kernel', 0, 0) None
9 2 ('kernel', 0, 0) None
9 3 ('kernel', 0, 0) None
9 4 ('PD', 0.11111111109428924, 1) None
9 5 ('ZERO', -5.656373860384381e-05, 10) 7.364378625331874e-16
10 1 ('kernel', 0, 0) None
10 2 ('kernel', 0, 0) None
10 3 ('kernel', 0, 0) None
10 4 ('kernel', 0, 0) None
10 5 ('ZERO', -1.849563919735346e-08, 27) 1.4763396691508308e-15
11 1 ('kernel', 0, 0) None
11 2 ('kernel', 0, 0) None
11 3 ('kernel', 0, 0) None
11 4 ('kernel', 0, 0) None
11 5 ('PD', 0.07585794948744796, 1) None
11 6 ('ZERO', -1.2141807500750624e-09, 29) 7.704296096856425e-16
