2 0 ray 1.0 0
2 1 ray -4.717077471683151e-09 3
2 2 zero 0.6018957718954866 0
3 0 ray 1.0 0
3 1 ray -4.717077471683151e-09 3
3 2 zero 0.5962223556278792 1
4 0 ray 0.9999999999999999 0
4 1 kernel 5.361851623128389e-16 0
4 2 zero 0.20317534402882836 3
5 0 ray 1.0 0
5 1 kernel 1.6535777452679453e-16 0
5 2 exceeded -4.783178910328013e-08 999
5 3 zero 0.17209023519388902 1
6 0 ray 1.0 0
6 1 kernel 2.5898293032940338e-17 0
6 2 kernel 3.9009267622190186e-16 0
6 3 zero 0.12247964111705538 3
7 0 ray 1.0 0
7 1 kernel 9.666116472797712e-33 0
7 2 kernel 1.069664551099251e-16 0
7 3 exceeded -4.497602751138483e-08 999
7 4 zero 0.06991666205950059 2
8 0 ray 1.0 0
8 1 kernel 3.4299299438357287e-34 0
8 2 kernel 1.001088055476588e-16 0
8 3 kernel 5.342470538325618e-16 0
8 4 dual_failed -0.17228441830317298 11
8 5 zero 0.006494371850080757 3
9 0 ray 0.9999999999999999 0
9 1 kernel 7.377176130019801e-50 0
9 2 kernel 7.765057321558168e-17 0
9 3 kernel 2.1183773225275953e-16 0
9 4 exceeded -7.07918530802068e-08 999
9 5 dual_failed -0.14992799157673245 12
9 6 zero 0.014952555161081564 4
10 0 ray 1.0 0
10 1 kernel 7.560920231662995e-49 0
10 2 kernel 5.3011230032429854e-17 0
10 3 kernel 5.799016670384457e-17 0
10 4 kernel 2.798938590278691e-16 0
10 5 dual_failed -0.20150467151752557 34
10 6 dual_failed -0.1658604210254334 17
