RAY 1 2 -0.56110956986828375 0.42472809835961639
ZERO 2 2 0.28050066939110396 0 0 0 0 0 0.8719000850502463 0 0 0 0 0 0.68910125373196163 0 0 0 0 0 0.28050066939110396 0 0 0 0 0 0.28050066939110396
RAY 1 3 -0.69184605276266253 2.5022281827809687 -2.3769487760388492
ZERO 2 3 0.30383934117381201 -0.012046728788787174 0.038836233233306892 -0.012046728788787195 0.0046347581260090739 -0.012046728788787174 0.88357021196263563 -0.10094368599610001 0.031312027632293814 -0.012046728788787216 0.038836233233306892 -0.10094368599610001 0.67425741024865782 -0.10094368599610017 0.038836233233307017 -0.012046728788787195 0.031312027632293814 -0.10094368599610017 0.3305166106800968 -0.012046728788787233 0.0046347581260090739 -0.012046728788787216 0.038836233233307017 -0.012046728788787233 0.30383934117381206
ZERO 2 4 0.1241113160059915 0.046188234544462095 0.049923373268843649 0.046188234544462067 0.05051406732862266 0.046188234544462095 0.47122832789396818 0.12975470915601384 0.12936241013863414 0.046188234544462095 0.049923373268843649 0.12975470915601384 0.44557562466489031 0.12975470915601381 0.049923373268843642 0.046188234544462067 0.12936241013863414 0.12975470915601381 0.20295965881600295 0.046188234544462067 0.05051406732862266 0.046188234544462095 0.049923373268843642 0.046188234544462067 0.12411131600599153
RAY 2 5 -0.46513730063954423 1.7008858088720316 -3.7226899909774427 4.3467210855798237 -2.1281918557693094
ZERO 3 5 0.037446452560565974 -0.0018759215425709582 -0.00016325058021051124 -0.00033180433993888119 -0.00016325058021051102 -0.00187592154257096 0.0015033864079419829 -0.0018759215425709582 0.25313708352969366 -0.0018228232629283513 -0.0013069326664605337 -0.0018228232629283522 0.0036081022117346127 -0.0018759215425709574 -0.00016325058021051124 -0.0018228232629283513 0.51258429333881605 0.002787925669569956 0.0032582436261236278 -0.0018228232629283543 -0.00016325058021051265 -0.00033180433993888119 -0.0013069326664605337 0.002787925669569956 0.33223470293562013 0.0027879256695699569 -0.0013069326664605354 -0.0003318043399388826 -0.00016325058021051102 -0.0018228232629283522 0.0032582436261236278 0.0027879256695699569 0.039201309778747619 -0.0018228232629283548 -0.00016325058021051254 -0.00187592154257096 0.0036081022117346127 -0.0018228232629283543 -0.0013069326664605354 -0.0018228232629283548 0.03955116836435861 -0.0018759215425709591 0.0015033864079419829 -0.0018759215425709574 -0.00016325058021051265 -0.0003318043399388826 -0.00016325058021051254 -0.0018759215425709591 0.037446452560565974
ZERO 3 6 0.028643614368127061 -0.036840040058670469 0.025638469028109689 -0.0064508878367957809 -0.0053148545009358127 0.00070236817553058929 -0.00015049206001992296 -0.036840040058670469 0.12858889476758711 -0.093707950188226724 0.027734770668678597 -0.050333832412400609 0.015883858238409914 0.00070236817553058668 0.025638469028109689 -0.093707950188226724 0.24249416065075147 -0.15718854711101063 0.10867676041688401 -0.050333832412400262 -0.0053148545009359151 -0.0064508878367957809 0.027734770668678597 -0.15718854711101063 0.28880061746819979 -0.15718854711100966 0.027734770668678077 -0.0064508878367954981 -0.0053148545009358127 -0.050333832412400609 0.10867676041688401 -0.15718854711100966 0.24249416065075047 -0.093707950188226224 0.025638469028109491 0.00070236817553058929 0.015883858238409914 -0.050333832412400262 0.027734770668678077 -0.093707950188226224 0.12858889476758673 -0.036840040058670372 -0.00015049206001992296 0.00070236817553058668 -0.0053148545009359151 -0.0064508878367954981 0.025638469028109491 -0.036840040058670372 0.028643614368127016
RAY 3 7 -0.52306350031390025 3.3758523191892005 -15.414136541231247 44.176747401861611 -75.516592380936885 70.319364589812494 -27.475342511702141
ZERO 4 7 0.079114894807720493 -0.08809119160945407 0.026587657277492106 0.0087650258153822262 0.0087470313113962774 0.012220999463533409 0.033757875461132451 -0.048354871231414319 -0.001022421185794225 -0.08809119160945407 0.22642547465734894 -0.074013188189121934 -0.038742373102344317 -0.033642901493451435 -0.041232995639293724 -0.07918056179238267 0.17278920743639686 -0.048354871231411474 0.026587657277492106 -0.074013188189121934 0.30293119609347358 0.0073686871148761959 0.0059213377342099529 0.0069192668657664345 0.037528017602528552 -0.079180561792380796 0.03375787546113055 0.0087650258153822262 -0.038742373102344317 0.0073686871148761959 0.12895138779964976 0.019021069078694379 0.022288510108743276 0.0069192668657665733 -0.041232995639293203 0.012220999463532644 0.0087470313113962774 -0.033642901493451435 0.0059213377342099529 0.019021069078694379 0.071067075887005865 0.019021069078694462 0.0059213377342102642 -0.033642901493451463 0.0087470313113958073 0.012220999463533409 -0.041232995639293724 0.0069192668657664345 0.022288510108743276 0.019021069078694462 0.047504550321930128 0.0073686871148768048 -0.038742373102344893 0.0087650258153818602 0.033757875461132451 -0.07918056179238267 0.037528017602528552 0.0069192668657665733 0.0059213377342102642 0.0073686871148768048 0.063459868188844665 -0.074013188189124002 0.026587657277491662 -0.048354871231414319 0.17278920743639686 -0.079180561792380796 -0.041232995639293203 -0.033642901493451463 -0.038742373102344893 -0.074013188189124002 0.22642547465734961 -0.088091191609451586 -0.001022421185794225 -0.048354871231411474 0.03375787546113055 0.012220999463532644 0.0087470313113958073 0.0087650258153818602 0.026587657277491662 -0.088091191609451586 0.079114894807718647
ZERO 4 8 0.0030157858448346003 -0.0059360747065774332 -5.2324865821789477e-05 -0.0018770902484417278 0.0034257223251799303 0.0064345878340957745 -0.0006742328893922895 -0.006926058126786718 0.0025317774972363496 -0.0059360747065774332 0.03476212778860413 -0.03800311637402156 0.015895264911892488 -0.026493282325645764 -0.011970294724202628 0.0326840198168084 0.005482578995121867 -0.0069260581267399143 -5.2324865821789477e-05 -0.03800311637402156 0.11970428973013959 -0.095917510890969143 -0.014593639955679718 0.098718326083575864 -0.10157757237829869 0.032684019816843247 -0.00067423288941153322 -0.0018770902484417278 0.015895264911892488 -0.095917510890969143 0.21511782848422484 -0.085609383759167559 -0.14441343806068158 0.098718326083589755 -0.011970294724058741 0.0064345878340021732 0.0034257223251799303 -0.026493282325645764 -0.014593639955679718 -0.085609383759167559 0.25511451734785401 -0.085609383759153099 -0.014593639955686589 -0.026493282325729003 0.0034257223252301848 0.0064345878340957745 -0.011970294724202628 0.098718326083575864 -0.14441343806068158 -0.085609383759153099 0.21511782848418515 -0.095917510890968824 0.0158952649121087 -0.0018770902485678847 -0.0006742328893922895 0.0326840198168084 -0.10157757237829869 0.098718326083589755 -0.014593639955686589 -0.095917510890968824 0.11970428973015035 -0.038003116374020464 -5.2324865826280866e-05 -0.006926058126786718 0.005482578995121867 0.032684019816843247 -0.011970294724058741 -0.026493282325729003 0.0158952649121087 -0.038003116374020464 0.034762127788031685 -0.0059360747062710143 0.0025317774972363496 -0.0069260581267399143 -0.00067423288941153322 0.0064345878340021732 0.0034257223252301848 -0.0018770902485678847 -5.2324865826280866e-05 -0.0059360747062710143 0.0030157858446747845
RAY 4 9 -0.59359170177536591 7.1922047152738626 -66.881357220607796 419.95963067621346 -1746.4718566855413 4750.5332592255481 -8163.7303626557887 8102.6476654998951 -3576.8026556220257
ZERO 5 9 0.0093976200646750021 -0.020526143931712055 0.0060087489060130844 -0.0023199572301890112 0.0054065801536980138 0.0032164221402447447 0.003419280131633522 0.0035623899026881586 -0.011846339448625714 0.005069080233722276 -0.0012823370636290121 -0.020526143931712055 0.092269999078389203 -0.096456388283508512 0.035631879305621672 -0.015376143566764033 -0.0097654594897154823 -0.015770187390224975 -0.015817454494496591 0.095210951007163938 -0.055612909508483056 0.0050690802337257784 0.0060087489060130844 -0.096456388283508512 0.19990489544075413 -0.1205924766140458 0.00016039120078184532 0.0040912938968379626 0.018864471534124749 0.080000243571298479 -0.17334722580879261 0.095210951007160413 -0.011846339448625108 -0.0023199572301890112 0.035631879305621672 -0.1205924766140458 0.15224057074931518 -0.029302839790212046 -0.011174019329751863 -0.014794771078372917 -0.08091609766918012 0.080000243571298715 -0.015817454494491359 0.0035623899026857395 0.0054065801536980138 -0.015376143566764033 0.00016039120078184532 -0.029302839790212046 0.043109870238486239 0.010881318637887499 -0.0042255034590099952 -0.014794771078381629 0.018864471534145021 -0.015770187390231453 0.0034192801316312153 0.0032164221402447447 -0.0097654594897154823 0.0040912938968379626 -0.011174019329751863 0.010881318637887499 0.0067762899815485087 0.010881318637885839 -0.011174019329735815 0.0040912938967989747 -0.0097654594896832841 0.0032164221402374402 0.003419280131633522 -0.015770187390224975 0.018864471534124749 -0.014794771078372917 -0.0042255034590099952 0.010881318637885839 0.043109870238484158 -0.02930283979021946 0.00016039120080199067 -0.015376143566765321 0.0054065801536931635 0.0035623899026881586 -0.015817454494496591 0.080000243571298479 -0.08091609766918012 -0.014794771078381629 -0.011174019329735815 -0.02930283979021946 0.15224057074930436 -0.12059247661402032 0.035631879305620159 -0.0023199572301961921 -0.011846339448625714 0.095210951007163938 -0.17334722580879261 0.080000243571298715 0.018864471534145021 0.0040912938967989747 0.00016039120080199067 -0.12059247661402032 0.19990489544069157 -0.096456388283493025 0.0060087489060236662 0.005069080233722276 -0.055612909508483056 0.095210951007160413 -0.015817454494491359 -0.015770187390231453 -0.0097654594896832841 -0.015376143566765321 0.035631879305620159 -0.096456388283493025 0.092269999078332818 -0.020526143931689011 -0.0012823370636290121 0.0050690802337257784 -0.011846339448625108 0.0035623899026857395 0.0034192801316312153 0.0032164221402374402 0.0054065801536931635 -0.0023199572301961921 0.0060087489060236662 -0.020526143931689011 0.0093976200646611763
ZERO 5 10 0.00025208491495871797 -0.00098701089314732191 0.0011490910203311251 -0.0008959219258484715 0.00082175594239937053 0.00048981857502105838 -0.00097692736690457079 -2.9031569059551651e-05 -0.00022682723543947212 0.00056262838974720708 -0.00015982571373687174 -0.00098701089314732191 0.0065102690617265951 -0.01274896555226334 0.0081402306605032164 0.0016293346932942845 -0.0011662256256236014 -0.0031337953782605847 -0.0022895402641772361 0.0080011109000980157 -0.0045176443510772588 0.00056262838973137913 0.0011490910203311251 -0.01274896555226334 0.041716335239160934 -0.050182125366436799 0.0059255589209485544 0.022017636593581479 -0.0010583102785332865 0.0010620283586256687 -0.015645111615089875 0.0080011108998708658 -0.000226827235393492 -0.0008959219258484715 0.0081402306605032164 -0.050182125366436799 0.12106195538702268 -0.0973333906876237 -0.019746619530659638 0.051188468317278114 -0.011004900575680744 0.0010620283598178105 -0.0022895402641158378 -2.9031568949431134e-05 0.00082175594239937053 0.0016293346932942845 0.0059255589209485544 -0.0973333906876237 0.20798284900564218 -0.12406667949973496 -0.040965090279338895 0.051188468312247506 -0.0010583102797347022 -0.0031337953778962434 -0.00097692736705732057 0.00048981857502105838 -0.0011662256256236014 0.022017636593581479 -0.019746619530659638 -0.12406667949973496 0.24495321602886724 -0.12406667957509061 -0.019746619477693045 0.022017636584211818 -0.0011662256256151011 0.00048981857450023866 -0.00097692736690457079 -0.0031337953782605847 -0.0010583102785332865 0.051188468317278114 -0.040965090279338895 -0.12406667957509061 0.20798284915239063 -0.097333390784035925 0.0059255589387408481 0.0016293346937350009 0.00082175594324548733 -2.9031569059551651e-05 -0.0022895402641772361 0.0010620283586256687 -0.011004900575680744 0.051188468312247506 -0.019746619477693045 -0.097333390784035925 0.12106195544774852 -0.050182125375541502 0.0081402306588260667 -0.00089592192600548631 -0.00022682723543947212 0.0080011109000980157 -0.015645111615089875 0.0010620283598178105 -0.0010583102797347022 0.022017636584211818 0.0059255589387408481 -0.050182125375541502 0.041716335238475385 -0.012748965550782284 0.0011490910200533529 0.00056262838974720708 -0.0045176443510772588 0.0080011108998708658 -0.0022895402641158378 -0.0031337953778962434 -0.0011662256256151011 0.0016293346937350009 0.0081402306588260667 -0.012748965550782284 0.0065102690611079667 -0.0009870108929962236 -0.00015982571373687174 0.00056262838973137913 -0.000226827235393492 -2.9031568949431134e-05 -0.00097692736705732057 0.00048981857450023866 0.00082175594324548733 -0.00089592192600548631 0.0011490910200533529 -0.0009870108929962236 0.0002520849149302208
RAY 5 11 -0.70473823381110534 15.754017659667829 -288.57609972537142 3743.3851926085067 -34070.575985012008 220290.45535778641 -1022180.5690130083 3403482.0101722763 -7982856.7388559347 12448905.379146477 -10666508.142465036
ZERO 6 11 0.00076354961186535231 -0.0032557090460373778 0.0039757128876580236 0.00011467690498270929 -0.0020739728459437555 -0.00040829605790090569 -0.000539444414120866 0.0020808204841055765 0.00099157998346421547 -0.002607985067148291 0.0011701551124920588 -0.0003146762178935358 0.000105337418774861 -0.0032557090460373778 0.018626530812483662 -0.033526823118642586 0.011853438401211863 0.015296067802762679 -0.00080985546550274481 0.0030886134916537317 -0.020375217104798535 -0.0094972239768334014 0.030553762243421195 -0.01269052174604113 0.0010423879933712252 -0.00031467620472334137 0.0039757128876580236 -0.033526823118642586 0.095465324441300764 -0.090318051742034569 -0.0047117843259465667 0.022623020818510444 -0.014567044752586458 0.04988485189573455 0.02900574474755074 -0.11406979905795205 0.067781287496072401 -0.012690521592254015 0.0011701550684083714 0.00011467690498270929 0.011853438401211863 -0.090318051742034569 0.1775853013450934 -0.092384198309354529 -0.035989225811198094 0.037511552380289984 -0.019846706311480031 -0.057021836970805234 0.15459444004260453 -0.11406979941342792 0.030553762442722489 -0.0026079850682123014 -0.0020739728459437555 0.015296067802762679 -0.0047117843259465667 -0.092384198309354529 0.14442172349048554 -0.026064630743165375 -0.041897126713553542 -0.039311076751760897 0.083253287121587694 -0.057021837001477532 0.029005745043323275 -0.0094972241370428791 0.00099157994988318581 -0.00040829605790090569 -0.00080985546550274481 0.022623020818510444 -0.035989225811198094 -0.026064630743165375 0.054349909823958133 0.0076126362981817327 0.0062604142628523629 -0.03931107710461474 -0.019846706754014589 0.049884853661805506 -0.020375218277644574 0.0020808206838057773 -0.000539444414120866 0.0030886134916537317 -0.014567044752586458 0.037511552380289984 -0.041897126713553542 0.0076126362981817327 0.017575329860110372 0.0076126365954737318 -0.041897127274675372 0.037511552729173898 -0.014567044616843002 0.0030886132667579235 -0.00053944435366314004 0.0020808204841055765 -0.020375217104798535 0.04988485189573455 -0.019846706311480031 -0.039311076751760897 0.0062604142628523629 0.0076126365954737318 0.054349909219273941 -0.026064630708112227 -0.035989223965013625 0.022623018170171774 -0.0008098542568784721 -0.00040829619353620534 0.00099157998346421547 -0.0094972239768334014 0.02900574474755074 -0.057021836970805234 0.083253287121587694 -0.03931107710461474 -0.041897127274675372 -0.026064630708112227 0.14442172821972793 -0.092384202012583766 -0.0047117862924888985 0.015296070129238535 -0.0020739732798155971 -0.002607985067148291 0.030553762243421195 -0.11406979905795205 0.15459444004260453 -0.057021837001477532 -0.019846706754014589 0.037511552729173898 -0.035989223965013625 -0.092384202012583766 0.17758530172872647 -0.090318048563649916 0.011853436335448903 0.00011467723182599616 0.0011701551124920588 -0.01269052174604113 0.067781287496072401 -0.11406979941342792 0.029005745043323275 0.049884853661805506 -0.014567044616843002 0.022623018170171774 -0.0047117862924888985 -0.090318048563649916 0.095465325361339268 -0.033526824567061783 0.0039757131186164731 -0.0003146762178935358 0.0010423879933712252 -0.012690521592254015 0.030553762442722489 -0.0094972241370428791 -0.020375218277644574 0.0030886132667579235 -0.0008098542568784721 0.015296070129238535 0.011853436335448903 -0.033526824567061783 0.018626532225913157 -0.0032557092612805942 0.000105337418774861 -0.00031467620472334137 0.0011701550684083714 -0.0026079850682123014 0.00099157994988318581 0.0020808206838057773 -0.00053944435366314004 -0.00040829619353620534 -0.0020739732798155971 0.00011467723182599616 0.0039757131186164731 -0.0032557092612805942 0.0007635496440713082
